Стержень	Зеркало	x₀	y₀	z₀	aₓ	aᵧ	a_z
1	1_1	433,70	-473,87	-365,07	17,52	-491,44	15,31
	1_2	306,77	-525,45	-366,66	106,32	-455,30	15,74
	1_3	186,84	-572,99	-370,20	189,12	-422,43	16,90
	1_4	72,86	-615,99	-368,05	268,72	-392,87	16,15
	1_5	-	-	-	-	-	-
	1_6	-216,52	-728,49	-377,80	470,49	-314,32	24,51
	1_7	-421,59	-807,92	-370,09	616,03	-259,77	18,99
	2_1	409,57	-489,93	-654,99	39,35	-479,33	-13,85
	2_2	281,01	-537,47	-656,50	129,07	-446,64	-14,02
	2_3	162,06	-584,45	-660,67	211,41	-414,05	-11,84
	2_4	37,94	-633,31	-661,10	-	-	-
	2_5	-104,55	-688,96	-663,58	-	-	-
	2_6	-278,06	-755,85	-662,01	516,49	-295,12	-10,28
	2_7	-525,18	-851,08	-660,94	688,38	-229,13	-9,37
	3_1	438,96	-471,85	-983,25	14,25	-493,08	-14,14
	3_2	305,95	-522,37	-982,75	106,79	-458,27	-15,81
	3_3	181,59	-571,40	-983,01	191,68	-424,00	-16,00
	3_4	55,31	-619,82	-978,06	-	-	-
	3_5	-	-	-	-	-	-
	3_6	-252,43	-741,42	-974,78	490,60	-306,48	-21,71
	3_7	-483,95	-831,63	-968,23	650,20	-245,00	-24,50
	4_1	521,57	-441,32	-1330,69	-38,45	-516,74	-2,30
	4_2	378,58	-497,90	-1327,91	60,69	-477,38	-4,81
	4_3	259,85	-544,58	-1329,67	142,42	-445,35	-5,08
	4_4	138,03	-592,00	-1325,36	226,61	-412,31	-6,43
	4_5	-	-	-	-	-	-
	4_6	-143,00	-701,98	-1320,53	-	-	-
	4_7	-324,92	-772,97	-1314,54	547,86	-286,72	-12,78
2	1_1	-360,83	-723,95	-351,65	-	-	-
	1_2	-426,43	-552,74	-349,02	-507,14	14,31	3,32
	1_3	-480,58	-414,11	-347,39	-472,59	-73,49	1,48
	1_4	-528,69	-288,95	-347,89	-441,18	-157,24	1,52
	1_5	-575,95	-167,72	-347,21	-408,31	-240,46	1,64
	1_6	-623,06	-47,96	-346,29	-375,12	-323,58	-0,10
	1_7	-676,26	90,06	-342,99	-	-	-
	2_1	-357,76	-731,75	-652,25	-	-	-
	2_2	-425,21	-553,75	-654,78	-501,16	6,73	-14,18
	2_3	-481,24	-408,17	-658,30	-466,87	-83,93	-12,57
	2_4	-530,53	-282,47	-656,60	-435,52	-164,58	-16,19
	2_5	-578,30	-159,25	-663,68	-402,74	-248,57	-7,39
	2_6	-627,02	-31,71	-661,80	-369,07	-338,19	-12,50
	2_7	-683,25	113,33	-659,31	-	-	-
	3_1	-285,21	-927,03	-1005,18	-624,81	328,61	-0,90
	3_2	-374,27	-697,60	-1005,64	-562,42	168,43	-1,43
	3_3	-438,09	-535,44	-1007,57	-518,69	56,27	-1,05
	3_4	-492,67	-390,60	-1008,86	-481,73	-44,47	1,38
	3_5	-541,20	-265,38	-1008,86	-447,73	-131,72	0,13
	3_6	-588,58	-144,95	-1009,77	-414,24	-215,15	1,38
	3_7	-635,99	-23,05	-1008,90	-	-	-
	4_1	-	-	-	-	-	-
	4_2	-319,13	-841,86	-1307,64	-598,23	262,69	-18,56
	4_3	-398,32	-638,39	-1314,41	-543,94	121,99	-15,08
	4_4	-459,41	-478,28	-1316,16	-502,18	12,42	-15,63
	4_5	-513,14	-339,48	-1315,73	-464,99	-83,63	-13,46
	4_6	-559,37	-220,35	-1319,39	-433,15	-165,30	-12,37
	4_7	-609,45	-92,70	-1324,99	-399,01	-252,90	-7,98
3	1_1	-550,07	931,13	-343,04	-	-	-
	1_2	-578,79	425,00	-338,56	82,52	526,51	-6,46
	1_3	-437,65	478,93	-337,56	-14,89	490,52	-7,95
	1_4	-309,35	530,02	-336,74	-104,33	453,12	-7,85
	1_5	-191,96	575,37	-338,68	-186,42	422,34	-7,57
	1_6	-65,32	624,28	-336,48	-	-	-
	1_7	-	-	-	-	-	-
	2_1	-451,73	467,25	-658,58	-7,97	496,18	-14,10
	2_2	-319,70	518,37	-660,61	-100,20	460,70	-13,28
	2_3	-198,85	565,23	-660,60	-184,20	428,02	-14,07
	2_4	-70,92	614,32	-658,45	-272,86	394,08	-13,90
	2_5	226,91	732,10	-655,89	-479,10	311,76	-15,99
	2_6	447,55	819,53	-653,67	-632,69	251,58	-16,75
	2_7	-	-	-	-	-	-
	3_1	-827,14	322,30	-998,68	258,94	599,07	-5,52
	3_2	-619,47	402,86	-991,69	114,03	543,51	-11,28
	3_3	-469,16	461,87	-987,92	9,70	502,15	-14,55
	3_4	-331,54	515,03	-981,07	-86,01	466,05	-18,28
	3_5	-209,27	562,01	-978,52	-170,72	433,49	-21,67
	3_6	-84,75	612,05	-974,79	-256,57	397,90	-23,56
	3_7	-	-	-	-	-	-
	4_1	-582,85	416,87	-1422,88	33,22	514,30	58,81
	4_2	-443,05	471,81	-1409,36	-56,10	479,31	48,33
	4_3	-320,15	520,70	-1396,64	-135,08	447,04	39,85
	4_4	-201,76	567,18	-1386,57	-215,33	414,94	34,26
	4_5	-80,49	615,12	-1372,47	-299,64	380,73	22,72
	4_6	-342,26	1010,25	-1345,41	-	-	-
	4_7	-	-	-	-	-	-
4	1_1	720,08	-182,77	-360,00	321,39	449,82	10,57
	1_2	-	-	-	-	-	-
	1_3	611,15	98,29	-363,26	397,52	253,13	14,76
	1_4	563,68	221,67	-354,51	-	-	-
	1_5	520,31	330,36	-361,71	460,52	91,14	10,30
	1_6	470,09	462,40	-349,46	495,30	-0,53	2,32
	1_7	409,93	618,17	-346,64	536,91	-109,62	1,14
	2_1	725,96	-201,97	-664,36	315,28	462,23	-6,88
	2_2	-	-	-	-	-	-
	2_3	612,11	91,38	-665,30	394,69	259,57	-8,01
	2_4	563,84	213,09	-662,48	428,02	175,84	-8,96
	2_5	514,53	339,38	-662,66	462,13	88,67	-9,88
	2_6	464,97	466,20	-660,64	495,71	1,28	-10,68
	2_7	406,76	618,76	-656,50	535,36	-104,59	-11,70
	3_1	688,09	-99,87	-1004,89	-	-	-
	3_2	636,30	35,87	-1007,90	-	-	-
	3_3	584,91	163,72	-1009,62	416,39	203,73	1,12
	3_4	538,71	283,26	-1005,95	448,11	121,21	0,57
	3_5	488,81	411,39	-1007,66	482,66	32,86	0,99
	3_6	436,39	546,80	-1006,19	518,73	-60,88	-1,89
	3_7	365,78	726,40	-1004,86	567,12	-185,41	-1,91
	4_1	635,85	24,55	-1351,77	-	-	-
	4_2	588,04	149,75	-1357,37	413,86	215,19	15,71
	4_3	542,10	266,99	-1358,04	446,27	135,19	15,10
	4_4	492,16	392,77	-1357,59	481,71	48,14	16,25
	4_5	441,09	530,73	-1364,53	516,23	-46,58	19,69
	4_6	376,96	691,53	-1362,47	558,76	-156,77	19,10
	4_7	290,13	914,14	-1362,68	618,05	-310,95	20,50
